1120
0.00625 0.00625 0
0.01825 0.00625 0
0.03125 0.00625 0
0.04425 0.00625 0
0.05625 0.00625 0
0.06825 0.00625 0
0.08125 0.00625 0
0.09425 0.00625 0
0.10625 0.00625 0
0.11825 0.00625 0
0.13125 0.00625 0
0.14325 0.00625 0
0.15625 0.00625 0
0.16925 0.00625 0
0.18125 0.00625 0
0.19425 0.00625 0
0.20625 0.00625 0
0.21925 0.00625 0
0.23125 0.00625 0
0.24425 0.00625 0
0.25625 0.00625 0
0.26925 0.00625 0
0.28125 0.00625 0
0.29425 0.00625 0
0.30625 0.00625 0
0.31925 0.00625 0
0.33125 0.00625 0
0.34425 0.00625 0
0.35625 0.00625 0
0.36925 0.00625 0
0.38125 0.00625 0
0.39425 0.00625 0
0.40625 0.00625 0
0.41925 0.00625 0
0.43125 0.00625 0
0.44425 0.00625 0
0.45625 0.00625 0
0.46925 0.00625 0
0.48125 0.00625 0
0.49425 0.00625 0
0.00625 0.01925 0
0.01825 0.01925 0
0.03125 0.01925 0
0.04425 0.01925 0
0.05625 0.01925 0
0.06825 0.01925 0
0.08125 0.01925 0
0.09425 0.01925 0
0.10625 0.01925 0
0.11825 0.01925 0
0.13125 0.01925 0
0.14325 0.01925 0
0.15625 0.01925 0
0.16925 0.01925 0
0.18125 0.01925 0
0.19425 0.01925 0
0.20625 0.01925 0
0.21925 0.01925 0
0.23125 0.01925 0
0.24425 0.01925 0
0.25625 0.01925 0
0.26925 0.01925 0
0.28125 0.01925 0
0.29425 0.01925 0
0.30625 0.01925 0
0.31925 0.01925 0
0.33125 0.01925 0
0.34425 0.01925 0
0.35625 0.01925 0
0.36925 0.01925 0
0.38125 0.01925 0
0.39425 0.01925 0
0.40625 0.01925 0
0.41925 0.01925 0
0.43125 0.01925 0
0.44425 0.01925 0
0.45625 0.01925 0
0.46925 0.01925 0
0.48125 0.01925 0
0.49425 0.01925 0
0.00625 0.03125 0
0.01825 0.03125 0
0.03125 0.03125 0
0.04425 0.03125 0
0.05625 0.03125 0
0.06825 0.03125 0
0.08125 0.03125 0
0.09425 0.03125 0
0.10625 0.03125 0
0.11825 0.03125 0
0.13125 0.03125 0
0.14325 0.03125 0
0.15625 0.03125 0
0.16925 0.03125 0
0.18125 0.03125 0
0.19425 0.03125 0
0.20625 0.03125 0
0.21925 0.03125 0
0.23125 0.03125 0
0.24425 0.03125 0
0.25625 0.03125 0
0.26925 0.03125 0
0.28125 0.03125 0
0.29425 0.03125 0
0.30625 0.03125 0
0.31925 0.03125 0
0.33125 0.03125 0
0.34425 0.03125 0
0.35625 0.03125 0
0.36925 0.03125 0
0.38125 0.03125 0
0.39425 0.03125 0
0.40625 0.03125 0
0.41925 0.03125 0
0.43125 0.03125 0
0.44425 0.03125 0
0.45625 0.03125 0
0.46925 0.03125 0
0.48125 0.03125 0
0.49425 0.03125 0
0.00625 0.04425 0
0.01825 0.04425 0
0.03125 0.04425 0
0.04425 0.04425 0
0.05625 0.04425 0
0.06825 0.04425 0
0.08125 0.04425 0
0.09425 0.04425 0
0.10625 0.04425 0
0.11825 0.04425 0
0.13125 0.04425 0
0.14325 0.04425 0
0.15625 0.04425 0
0.16925 0.04425 0
0.18125 0.04425 0
0.19425 0.04425 0
0.20625 0.04425 0
0.21925 0.04425 0
0.23125 0.04425 0
0.24425 0.04425 0
0.25625 0.04425 0
0.26925 0.04425 0
0.28125 0.04425 0
0.29425 0.04425 0
0.30625 0.04425 0
0.31925 0.04425 0
0.33125 0.04425 0
0.34425 0.04425 0
0.35625 0.04425 0
0.36925 0.04425 0
0.38125 0.04425 0
0.39425 0.04425 0
0.40625 0.04425 0
0.41925 0.04425 0
0.43125 0.04425 0
0.44425 0.04425 0
0.45625 0.04425 0
0.46925 0.04425 0
0.48125 0.04425 0
0.49425 0.04425 0
0.00625 0.05625 0
0.01825 0.05625 0
0.03125 0.05625 0
0.04425 0.05625 0
0.05625 0.05625 0
0.06825 0.05625 0
0.08125 0.05625 0
0.09425 0.05625 0
0.10625 0.05625 0
0.11825 0.05625 0
0.13125 0.05625 0
0.14325 0.05625 0
0.15625 0.05625 0
0.16925 0.05625 0
0.18125 0.05625 0
0.19425 0.05625 0
0.20625 0.05625 0
0.21925 0.05625 0
0.23125 0.05625 0
0.24425 0.05625 0
0.25625 0.05625 0
0.26925 0.05625 0
0.28125 0.05625 0
0.29425 0.05625 0
0.30625 0.05625 0
0.31925 0.05625 0
0.33125 0.05625 0
0.34425 0.05625 0
0.35625 0.05625 0
0.36925 0.05625 0
0.38125 0.05625 0
0.39425 0.05625 0
0.40625 0.05625 0
0.41925 0.05625 0
0.43125 0.05625 0
0.44425 0.05625 0
0.45625 0.05625 0
0.46925 0.05625 0
0.48125 0.05625 0
0.49425 0.05625 0
0.00625 0.06925 0
0.01825 0.06925 0
0.03125 0.06925 0
0.04425 0.06925 0
0.05625 0.06925 0
0.06825 0.06925 0
0.08125 0.06925 0
0.09425 0.06925 0
0.10625 0.06925 0
0.11825 0.06925 0
0.13125 0.06925 0
0.14325 0.06925 0
0.15625 0.06925 0
0.16925 0.06925 0
0.18125 0.06925 0
0.19425 0.06925 0
0.20625 0.06925 0
0.21925 0.06925 0
0.23125 0.06925 0
0.24425 0.06925 0
0.25625 0.06925 0
0.26925 0.06925 0
0.28125 0.06925 0
0.29425 0.06925 0
0.30625 0.06925 0
0.31925 0.06925 0
0.33125 0.06925 0
0.34425 0.06925 0
0.35625 0.06925 0
0.36925 0.06925 0
0.38125 0.06925 0
0.39425 0.06925 0
0.40625 0.06925 0
0.41925 0.06925 0
0.43125 0.06925 0
0.44425 0.06925 0
0.45625 0.06925 0
0.46925 0.06925 0
0.48125 0.06925 0
0.49425 0.06925 0
0.00625 0.08125 0
0.01825 0.08125 0
0.03125 0.08125 0
0.04425 0.08125 0
0.05625 0.08125 0
0.06825 0.08125 0
0.08125 0.08125 0
0.09425 0.08125 0
0.10625 0.08125 0
0.11825 0.08125 0
0.13125 0.08125 0
0.14325 0.08125 0
0.15625 0.08125 0
0.16925 0.08125 0
0.18125 0.08125 0
0.19425 0.08125 0
0.20625 0.08125 0
0.21925 0.08125 0
0.23125 0.08125 0
0.24425 0.08125 0
0.25625 0.08125 0
0.26925 0.08125 0
0.28125 0.08125 0
0.29425 0.08125 0
0.30625 0.08125 0
0.31925 0.08125 0
0.33125 0.08125 0
0.34425 0.08125 0
0.35625 0.08125 0
0.36925 0.08125 0
0.38125 0.08125 0
0.39425 0.08125 0
0.40625 0.08125 0
0.41925 0.08125 0
0.43125 0.08125 0
0.44425 0.08125 0
0.45625 0.08125 0
0.46925 0.08125 0
0.48125 0.08125 0
0.49425 0.08125 0
0.00625 0.09425 0
0.01825 0.09425 0
0.03125 0.09425 0
0.04425 0.09425 0
0.05625 0.09425 0
0.06825 0.09425 0
0.08125 0.09425 0
0.09425 0.09425 0
0.10625 0.09425 0
0.11825 0.09425 0
0.13125 0.09425 0
0.14325 0.09425 0
0.15625 0.09425 0
0.16925 0.09425 0
0.18125 0.09425 0
0.19425 0.09425 0
0.20625 0.09425 0
0.21925 0.09425 0
0.23125 0.09425 0
0.24425 0.09425 0
0.25625 0.09425 0
0.26925 0.09425 0
0.28125 0.09425 0
0.29425 0.09425 0
0.30625 0.09425 0
0.31925 0.09425 0
0.33125 0.09425 0
0.34425 0.09425 0
0.35625 0.09425 0
0.36925 0.09425 0
0.38125 0.09425 0
0.39425 0.09425 0
0.40625 0.09425 0
0.41925 0.09425 0
0.43125 0.09425 0
0.44425 0.09425 0
0.45625 0.09425 0
0.46925 0.09425 0
0.48125 0.09425 0
0.49425 0.09425 0
0.00625 0.10625 0
0.01825 0.10625 0
0.03125 0.10625 0
0.04425 0.10625 0
0.05625 0.10625 0
0.06825 0.10625 0
0.08125 0.10625 0
0.09425 0.10625 0
0.10625 0.10625 0
0.11825 0.10625 0
0.13125 0.10625 0
0.14325 0.10625 0
0.15625 0.10625 0
0.16925 0.10625 0
0.18125 0.10625 0
0.19425 0.10625 0
0.20625 0.10625 0
0.21925 0.10625 0
0.23125 0.10625 0
0.24425 0.10625 0
0.25625 0.10625 0
0.26925 0.10625 0
0.28125 0.10625 0
0.29425 0.10625 0
0.30625 0.10625 0
0.31925 0.10625 0
0.33125 0.10625 0
0.34425 0.10625 0
0.35625 0.10625 0
0.36925 0.10625 0
0.38125 0.10625 0
0.39425 0.10625 0
0.40625 0.10625 0
0.41925 0.10625 0
0.43125 0.10625 0
0.44425 0.10625 0
0.45625 0.10625 0
0.46925 0.10625 0
0.48125 0.10625 0
0.49425 0.10625 0
0.00625 0.11825 0
0.01825 0.11825 0
0.03125 0.11825 0
0.04425 0.11825 0
0.05625 0.11825 0
0.06825 0.11825 0
0.08125 0.11825 0
0.09425 0.11825 0
0.10625 0.11825 0
0.11825 0.11825 0
0.13125 0.11825 0
0.14325 0.11825 0
0.15625 0.11825 0
0.16925 0.11825 0
0.18125 0.11825 0
0.19425 0.11825 0
0.20625 0.11825 0
0.21925 0.11825 0
0.23125 0.11825 0
0.24425 0.11825 0
0.25625 0.11825 0
0.26925 0.11825 0
0.28125 0.11825 0
0.29425 0.11825 0
0.30625 0.11825 0
0.31925 0.11825 0
0.33125 0.11825 0
0.34425 0.11825 0
0.35625 0.11825 0
0.36925 0.11825 0
0.38125 0.11825 0
0.39425 0.11825 0
0.40625 0.11825 0
0.41925 0.11825 0
0.43125 0.11825 0
0.44425 0.11825 0
0.45625 0.11825 0
0.46925 0.11825 0
0.48125 0.11825 0
0.49425 0.11825 0
0.00625 0.13125 0
0.01825 0.13125 0
0.03125 0.13125 0
0.04425 0.13125 0
0.05625 0.13125 0
0.06825 0.13125 0
0.08125 0.13125 0
0.09425 0.13125 0
0.10625 0.13125 0
0.11825 0.13125 0
0.13125 0.13125 0
0.14325 0.13125 0
0.15625 0.13125 0
0.16925 0.13125 0
0.18125 0.13125 0
0.19425 0.13125 0
0.20625 0.13125 0
0.21925 0.13125 0
0.23125 0.13125 0
0.24425 0.13125 0
0.25625 0.13125 0
0.26925 0.13125 0
0.28125 0.13125 0
0.29425 0.13125 0
0.30625 0.13125 0
0.31925 0.13125 0
0.33125 0.13125 0
0.34425 0.13125 0
0.35625 0.13125 0
0.36925 0.13125 0
0.38125 0.13125 0
0.39425 0.13125 0
0.40625 0.13125 0
0.41925 0.13125 0
0.43125 0.13125 0
0.44425 0.13125 0
0.45625 0.13125 0
0.46925 0.13125 0
0.48125 0.13125 0
0.49425 0.13125 0
0.00625 0.14325 0
0.01825 0.14325 0
0.03125 0.14325 0
0.04425 0.14325 0
0.05625 0.14325 0
0.06825 0.14325 0
0.08125 0.14325 0
0.09425 0.14325 0
0.10625 0.14325 0
0.11825 0.14325 0
0.13125 0.14325 0
0.14325 0.14325 0
0.15625 0.14325 0
0.16925 0.14325 0
0.18125 0.14325 0
0.19425 0.14325 0
0.20625 0.14325 0
0.21925 0.14325 0
0.23125 0.14325 0
0.24425 0.14325 0
0.25625 0.14325 0
0.26925 0.14325 0
0.28125 0.14325 0
0.29425 0.14325 0
0.30625 0.14325 0
0.31925 0.14325 0
0.33125 0.14325 0
0.34425 0.14325 0
0.35625 0.14325 0
0.36925 0.14325 0
0.38125 0.14325 0
0.39425 0.14325 0
0.40625 0.14325 0
0.41925 0.14325 0
0.43125 0.14325 0
0.44425 0.14325 0
0.45625 0.14325 0
0.46925 0.14325 0
0.48125 0.14325 0
0.49425 0.14325 0
0.00625 0.15625 0
0.01825 0.15625 0
0.03125 0.15625 0
0.04425 0.15625 0
0.05625 0.15625 0
0.06825 0.15625 0
0.08125 0.15625 0
0.09425 0.15625 0
0.10625 0.15625 0
0.11825 0.15625 0
0.13125 0.15625 0
0.14325 0.15625 0
0.15625 0.15625 0
0.16925 0.15625 0
0.18125 0.15625 0
0.19425 0.15625 0
0.20625 0.15625 0
0.21925 0.15625 0
0.23125 0.15625 0
0.24425 0.15625 0
0.25625 0.15625 0
0.26925 0.15625 0
0.28125 0.15625 0
0.29425 0.15625 0
0.30625 0.15625 0
0.31925 0.15625 0
0.33125 0.15625 0
0.34425 0.15625 0
0.35625 0.15625 0
0.36925 0.15625 0
0.38125 0.15625 0
0.39425 0.15625 0
0.40625 0.15625 0
0.41925 0.15625 0
0.43125 0.15625 0
0.44425 0.15625 0
0.45625 0.15625 0
0.46925 0.15625 0
0.48125 0.15625 0
0.49425 0.15625 0
0.00625 0.16925 0
0.01825 0.16925 0
0.03125 0.16925 0
0.04425 0.16925 0
0.05625 0.16925 0
0.06825 0.16925 0
0.08125 0.16925 0
0.09425 0.16925 0
0.10625 0.16925 0
0.11825 0.16925 0
0.13125 0.16925 0
0.14325 0.16925 0
0.15625 0.16925 0
0.16925 0.16925 0
0.18125 0.16925 0
0.19425 0.16925 0
0.20625 0.16925 0
0.21925 0.16925 0
0.23125 0.16925 0
0.24425 0.16925 0
0.25625 0.16925 0
0.26925 0.16925 0
0.28125 0.16925 0
0.29425 0.16925 0
0.30625 0.16925 0
0.31925 0.16925 0
0.33125 0.16925 0
0.34425 0.16925 0
0.35625 0.16925 0
0.36925 0.16925 0
0.38125 0.16925 0
0.39425 0.16925 0
0.40625 0.16925 0
0.41925 0.16925 0
0.43125 0.16925 0
0.44425 0.16925 0
0.45625 0.16925 0
0.46925 0.16925 0
0.48125 0.16925 0
0.49425 0.16925 0
0.00625 0.18125 0
0.01825 0.18125 0
0.03125 0.18125 0
0.04425 0.18125 0
0.05625 0.18125 0
0.06825 0.18125 0
0.08125 0.18125 0
0.09425 0.18125 0
0.10625 0.18125 0
0.11825 0.18125 0
0.13125 0.18125 0
0.14325 0.18125 0
0.15625 0.18125 0
0.16925 0.18125 0
0.18125 0.18125 0
0.19425 0.18125 0
0.20625 0.18125 0
0.21925 0.18125 0
0.23125 0.18125 0
0.24425 0.18125 0
0.25625 0.18125 0
0.26925 0.18125 0
0.28125 0.18125 0
0.29425 0.18125 0
0.30625 0.18125 0
0.31925 0.18125 0
0.33125 0.18125 0
0.34425 0.18125 0
0.35625 0.18125 0
0.36925 0.18125 0
0.38125 0.18125 0
0.39425 0.18125 0
0.40625 0.18125 0
0.41925 0.18125 0
0.43125 0.18125 0
0.44425 0.18125 0
0.45625 0.18125 0
0.46925 0.18125 0
0.48125 0.18125 0
0.49425 0.18125 0
0.00625 0.19425 0
0.01825 0.19425 0
0.03125 0.19425 0
0.04425 0.19425 0
0.05625 0.19425 0
0.06825 0.19425 0
0.08125 0.19425 0
0.09425 0.19425 0
0.10625 0.19425 0
0.11825 0.19425 0
0.13125 0.19425 0
0.14325 0.19425 0
0.15625 0.19425 0
0.16925 0.19425 0
0.18125 0.19425 0
0.19425 0.19425 0
0.20625 0.19425 0
0.21925 0.19425 0
0.23125 0.19425 0
0.24425 0.19425 0
0.25625 0.19425 0
0.26925 0.19425 0
0.28125 0.19425 0
0.29425 0.19425 0
0.30625 0.19425 0
0.31925 0.19425 0
0.33125 0.19425 0
0.34425 0.19425 0
0.35625 0.19425 0
0.36925 0.19425 0
0.38125 0.19425 0
0.39425 0.19425 0
0.40625 0.19425 0
0.41925 0.19425 0
0.43125 0.19425 0
0.44425 0.19425 0
0.45625 0.19425 0
0.46925 0.19425 0
0.48125 0.19425 0
0.49425 0.19425 0
0.00625 0.20625 0
0.01825 0.20625 0
0.03125 0.20625 0
0.04425 0.20625 0
0.05625 0.20625 0
0.06825 0.20625 0
0.08125 0.20625 0
0.09425 0.20625 0
0.10625 0.20625 0
0.11825 0.20625 0
0.13125 0.20625 0
0.14325 0.20625 0
0.15625 0.20625 0
0.16925 0.20625 0
0.18125 0.20625 0
0.19425 0.20625 0
0.20625 0.20625 0
0.21925 0.20625 0
0.23125 0.20625 0
0.24425 0.20625 0
0.25625 0.20625 0
0.26925 0.20625 0
0.28125 0.20625 0
0.29425 0.20625 0
0.30625 0.20625 0
0.31925 0.20625 0
0.33125 0.20625 0
0.34425 0.20625 0
0.35625 0.20625 0
0.36925 0.20625 0
0.38125 0.20625 0
0.39425 0.20625 0
0.40625 0.20625 0
0.41925 0.20625 0
0.43125 0.20625 0
0.44425 0.20625 0
0.45625 0.20625 0
0.46925 0.20625 0
0.48125 0.20625 0
0.49425 0.20625 0
0.00625 0.21925 0
0.01825 0.21925 0
0.03125 0.21925 0
0.04425 0.21925 0
0.05625 0.21925 0
0.06825 0.21925 0
0.08125 0.21925 0
0.09425 0.21925 0
0.10625 0.21925 0
0.11825 0.21925 0
0.13125 0.21925 0
0.14325 0.21925 0
0.15625 0.21925 0
0.16925 0.21925 0
0.18125 0.21925 0
0.19425 0.21925 0
0.20625 0.21925 0
0.21925 0.21925 0
0.23125 0.21925 0
0.24425 0.21925 0
0.25625 0.21925 0
0.26925 0.21925 0
0.28125 0.21925 0
0.29425 0.21925 0
0.30625 0.21925 0
0.31925 0.21925 0
0.33125 0.21925 0
0.34425 0.21925 0
0.35625 0.21925 0
0.36925 0.21925 0
0.38125 0.21925 0
0.39425 0.21925 0
0.40625 0.21925 0
0.41925 0.21925 0
0.43125 0.21925 0
0.44425 0.21925 0
0.45625 0.21925 0
0.46925 0.21925 0
0.48125 0.21925 0
0.49425 0.21925 0
0.00625 0.23125 0
0.01825 0.23125 0
0.03125 0.23125 0
0.04425 0.23125 0
0.05625 0.23125 0
0.06825 0.23125 0
0.08125 0.23125 0
0.09425 0.23125 0
0.10625 0.23125 0
0.11825 0.23125 0
0.13125 0.23125 0
0.14325 0.23125 0
0.15625 0.23125 0
0.16925 0.23125 0
0.18125 0.23125 0
0.19425 0.23125 0
0.20625 0.23125 0
0.21925 0.23125 0
0.23125 0.23125 0
0.24425 0.23125 0
0.25625 0.23125 0
0.26925 0.23125 0
0.28125 0.23125 0
0.29425 0.23125 0
0.30625 0.23125 0
0.31925 0.23125 0
0.33125 0.23125 0
0.34425 0.23125 0
0.35625 0.23125 0
0.36925 0.23125 0
0.38125 0.23125 0
0.39425 0.23125 0
0.40625 0.23125 0
0.41925 0.23125 0
0.43125 0.23125 0
0.44425 0.23125 0
0.45625 0.23125 0
0.46925 0.23125 0
0.48125 0.23125 0
0.49425 0.23125 0
0.00625 0.24425 0
0.01825 0.24425 0
0.03125 0.24425 0
0.04425 0.24425 0
0.05625 0.24425 0
0.06825 0.24425 0
0.08125 0.24425 0
0.09425 0.24425 0
0.10625 0.24425 0
0.11825 0.24425 0
0.13125 0.24425 0
0.14325 0.24425 0
0.15625 0.24425 0
0.16925 0.24425 0
0.18125 0.24425 0
0.19425 0.24425 0
0.20625 0.24425 0
0.21925 0.24425 0
0.23125 0.24425 0
0.24425 0.24425 0
0.25625 0.24425 0
0.26925 0.24425 0
0.28125 0.24425 0
0.29425 0.24425 0
0.30625 0.24425 0
0.31925 0.24425 0
0.33125 0.24425 0
0.34425 0.24425 0
0.35625 0.24425 0
0.36925 0.24425 0
0.38125 0.24425 0
0.39425 0.24425 0
0.40625 0.24425 0
0.41925 0.24425 0
0.43125 0.24425 0
0.44425 0.24425 0
0.45625 0.24425 0
0.46925 0.24425 0
0.48125 0.24425 0
0.49425 0.24425 0
0.00625 0.25625 0
0.01825 0.25625 0
0.03125 0.25625 0
0.04425 0.25625 0
0.05625 0.25625 0
0.06825 0.25625 0
0.08125 0.25625 0
0.09425 0.25625 0
0.10625 0.25625 0
0.11825 0.25625 0
0.13125 0.25625 0
0.14325 0.25625 0
0.15625 0.25625 0
0.16925 0.25625 0
0.18125 0.25625 0
0.19425 0.25625 0
0.20625 0.25625 0
0.21925 0.25625 0
0.23125 0.25625 0
0.24425 0.25625 0
0.25625 0.25625 0
0.26925 0.25625 0
0.28125 0.25625 0
0.29425 0.25625 0
0.30625 0.25625 0
0.31925 0.25625 0
0.33125 0.25625 0
0.34425 0.25625 0
0.35625 0.25625 0
0.36925 0.25625 0
0.38125 0.25625 0
0.39425 0.25625 0
0.40625 0.25625 0
0.41925 0.25625 0
0.43125 0.25625 0
0.44425 0.25625 0
0.45625 0.25625 0
0.46925 0.25625 0
0.48125 0.25625 0
0.49425 0.25625 0
0.00625 0.26925 0
0.01825 0.26925 0
0.03125 0.26925 0
0.04425 0.26925 0
0.05625 0.26925 0
0.06825 0.26925 0
0.08125 0.26925 0
0.09425 0.26925 0
0.10625 0.26925 0
0.11825 0.26925 0
0.13125 0.26925 0
0.14325 0.26925 0
0.15625 0.26925 0
0.16925 0.26925 0
0.18125 0.26925 0
0.19425 0.26925 0
0.20625 0.26925 0
0.21925 0.26925 0
0.23125 0.26925 0
0.24425 0.26925 0
0.25625 0.26925 0
0.26925 0.26925 0
0.28125 0.26925 0
0.29425 0.26925 0
0.30625 0.26925 0
0.31925 0.26925 0
0.33125 0.26925 0
0.34425 0.26925 0
0.35625 0.26925 0
0.36925 0.26925 0
0.38125 0.26925 0
0.39425 0.26925 0
0.40625 0.26925 0
0.41925 0.26925 0
0.43125 0.26925 0
0.44425 0.26925 0
0.45625 0.26925 0
0.46925 0.26925 0
0.48125 0.26925 0
0.49425 0.26925 0
0.00625 0.28125 0
0.01825 0.28125 0
0.03125 0.28125 0
0.04425 0.28125 0
0.05625 0.28125 0
0.06825 0.28125 0
0.08125 0.28125 0
0.09425 0.28125 0
0.10625 0.28125 0
0.11825 0.28125 0
0.13125 0.28125 0
0.14325 0.28125 0
0.15625 0.28125 0
0.16925 0.28125 0
0.18125 0.28125 0
0.19425 0.28125 0
0.20625 0.28125 0
0.21925 0.28125 0
0.23125 0.28125 0
0.24425 0.28125 0
0.25625 0.28125 0
0.26925 0.28125 0
0.28125 0.28125 0
0.29425 0.28125 0
0.30625 0.28125 0
0.31925 0.28125 0
0.33125 0.28125 0
0.34425 0.28125 0
0.35625 0.28125 0
0.36925 0.28125 0
0.38125 0.28125 0
0.39425 0.28125 0
0.40625 0.28125 0
0.41925 0.28125 0
0.43125 0.28125 0
0.44425 0.28125 0
0.45625 0.28125 0
0.46925 0.28125 0
0.48125 0.28125 0
0.49425 0.28125 0
0.00625 0.29425 0
0.01825 0.29425 0
0.03125 0.29425 0
0.04425 0.29425 0
0.05625 0.29425 0
0.06825 0.29425 0
0.08125 0.29425 0
0.09425 0.29425 0
0.10625 0.29425 0
0.11825 0.29425 0
0.13125 0.29425 0
0.14325 0.29425 0
0.15625 0.29425 0
0.16925 0.29425 0
0.18125 0.29425 0
0.19425 0.29425 0
0.20625 0.29425 0
0.21925 0.29425 0
0.23125 0.29425 0
0.24425 0.29425 0
0.25625 0.29425 0
0.26925 0.29425 0
0.28125 0.29425 0
0.29425 0.29425 0
0.30625 0.29425 0
0.31925 0.29425 0
0.33125 0.29425 0
0.34425 0.29425 0
0.35625 0.29425 0
0.36925 0.29425 0
0.38125 0.29425 0
0.39425 0.29425 0
0.40625 0.29425 0
0.41925 0.29425 0
0.43125 0.29425 0
0.44425 0.29425 0
0.45625 0.29425 0
0.46925 0.29425 0
0.48125 0.29425 0
0.49425 0.29425 0
0.00625 0.30625 0
0.01825 0.30625 0
0.03125 0.30625 0
0.04425 0.30625 0
0.05625 0.30625 0
0.06825 0.30625 0
0.08125 0.30625 0
0.09425 0.30625 0
0.10625 0.30625 0
0.11825 0.30625 0
0.13125 0.30625 0
0.14325 0.30625 0
0.15625 0.30625 0
0.16925 0.30625 0
0.18125 0.30625 0
0.19425 0.30625 0
0.20625 0.30625 0
0.21925 0.30625 0
0.23125 0.30625 0
0.24425 0.30625 0
0.25625 0.30625 0
0.26925 0.30625 0
0.28125 0.30625 0
0.29425 0.30625 0
0.30625 0.30625 0
0.31925 0.30625 0
0.33125 0.30625 0
0.34425 0.30625 0
0.35625 0.30625 0
0.36925 0.30625 0
0.38125 0.30625 0
0.39425 0.30625 0
0.40625 0.30625 0
0.41925 0.30625 0
0.43125 0.30625 0
0.44425 0.30625 0
0.45625 0.30625 0
0.46925 0.30625 0
0.48125 0.30625 0
0.49425 0.30625 0
0.00625 0.31925 0
0.01825 0.31925 0
0.03125 0.31925 0
0.04425 0.31925 0
0.05625 0.31925 0
0.06825 0.31925 0
0.08125 0.31925 0
0.09425 0.31925 0
0.10625 0.31925 0
0.11825 0.31925 0
0.13125 0.31925 0
0.14325 0.31925 0
0.15625 0.31925 0
0.16925 0.31925 0
0.18125 0.31925 0
0.19425 0.31925 0
0.20625 0.31925 0
0.21925 0.31925 0
0.23125 0.31925 0
0.24425 0.31925 0
0.25625 0.31925 0
0.26925 0.31925 0
0.28125 0.31925 0
0.29425 0.31925 0
0.30625 0.31925 0
0.31925 0.31925 0
0.33125 0.31925 0
0.34425 0.31925 0
0.35625 0.31925 0
0.36925 0.31925 0
0.38125 0.31925 0
0.39425 0.31925 0
0.40625 0.31925 0
0.41925 0.31925 0
0.43125 0.31925 0
0.44425 0.31925 0
0.45625 0.31925 0
0.46925 0.31925 0
0.48125 0.31925 0
0.49425 0.31925 0
0.00625 0.33125 0
0.01825 0.33125 0
0.03125 0.33125 0
0.04425 0.33125 0
0.05625 0.33125 0
0.06825 0.33125 0
0.08125 0.33125 0
0.09425 0.33125 0
0.10625 0.33125 0
0.11825 0.33125 0
0.13125 0.33125 0
0.14325 0.33125 0
0.15625 0.33125 0
0.16925 0.33125 0
0.18125 0.33125 0
0.19425 0.33125 0
0.20625 0.33125 0
0.21925 0.33125 0
0.23125 0.33125 0
0.24425 0.33125 0
0.25625 0.33125 0
0.26925 0.33125 0
0.28125 0.33125 0
0.29425 0.33125 0
0.30625 0.33125 0
0.31925 0.33125 0
0.33125 0.33125 0
0.34425 0.33125 0
0.35625 0.33125 0
0.36925 0.33125 0
0.38125 0.33125 0
0.39425 0.33125 0
0.40625 0.33125 0
0.41925 0.33125 0
0.43125 0.33125 0
0.44425 0.33125 0
0.45625 0.33125 0
0.46925 0.33125 0
0.48125 0.33125 0
0.49425 0.33125 0
0.00625 0.34425 0
0.01825 0.34425 0
0.03125 0.34425 0
0.04425 0.34425 0
0.05625 0.34425 0
0.06825 0.34425 0
0.08125 0.34425 0
0.09425 0.34425 0
0.10625 0.34425 0
0.11825 0.34425 0
0.13125 0.34425 0
0.14325 0.34425 0
0.15625 0.34425 0
0.16925 0.34425 0
0.18125 0.34425 0
0.19425 0.34425 0
0.20625 0.34425 0
0.21925 0.34425 0
0.23125 0.34425 0
0.24425 0.34425 0
0.25625 0.34425 0
0.26925 0.34425 0
0.28125 0.34425 0
0.29425 0.34425 0
0.30625 0.34425 0
0.31925 0.34425 0
0.33125 0.34425 0
0.34425 0.34425 0
0.35625 0.34425 0
0.36925 0.34425 0
0.38125 0.34425 0
0.39425 0.34425 0
0.40625 0.34425 0
0.41925 0.34425 0
0.43125 0.34425 0
0.44425 0.34425 0
0.45625 0.34425 0
0.46925 0.34425 0
0.48125 0.34425 0
0.49425 0.34425 0
